1.502   1.518
1.335   1.633
1.623   1.697
1.623   1.798
0.144   2.048
1.68   2.084
1.335   2.638
1.872   2.712
1.335   3.163
1.872   3.479
2.439   3.49
2.439   3.53
1.872   3.574
2.575   3.952
1.502   4.039
2.627   4.116
1.68   4.159
2.439   4.166
2.627   4.424
3.35   4.739
3.31   4.742
3.35   4.914
4.716   5.051
2.575   5.157
4.955   5.201
3.35   5.304
3.583   6.052
5.219   6.358
6.785   6.897
1.684   7.332
7.711   7.891
7.562   8.035
4.716   8.271
7.835   8.277
9.052   9.1
9.052   9.62
9.052   9.813
9.052   9.863
9.393   10.604
3.31   10.724
9.393   11.176
9.761   11.438
9.052   11.455
9.761   11.653
10.733   11.812
10.733   12.077
10.733   12.353
12.034   12.846
11.515   13.606
12.034   13.693
7.562   14.284
12.644   14.35
12.034   14.632
12.644   14.669
13.231   14.718
13.337   15.351
9.108   15.363
13.231   15.392
11.296   16.071
11.296   16.111
13.636   16.267
14.183   16.32
14.183   16.519
13.902   16.744
14.589   16.796
14.754   17.093
15.186   17.159
13.231   17.354
15.64   17.402
13.337   17.607
16.621   17.686
15.64   18.012
15.186   18.105
14.754   18.422
16.621   18.525
17.618   18.747
14.589   18.818
18.096   18.955
13.636   19.247
18.672   19.306
18.151   19.673
18.151   19.835
19.094   19.89
19.813   20.039
19.571   20.06
16.877   20.165
18.672   20.23
19.813   20.395
20.117   20.529
17.618   20.841
20.204   21.141
21.105   21.153
18.151   21.219
15.238   21.223
21.105   21.522
19.813   22.207
21.402   22.388
19.96   22.445
20.117   22.54
21.676   22.658
19.96   22.662
21.693   22.768
21.709   22.873
21.402   22.971
21.693   23.031
15.238   23.064
22.552   23.183
22.552   23.466
22.552   23.504
15.238   24.02
15.238   24.034
21.709   24.148
24.004   24.164
23.983   24.838
24.05   25.039
24.05   25.219
21.709   25.277
24.759   25.608
24.759   26.084
24.004   26.217
22.289   26.249
24.759   26.272
26.256   26.286
18.999   26.468
18.999   27.047
18.999   27.16
23.983   27.31
18.999   27.489
26.646   28.15
18.999   28.611
15.238   28.753
26.646   28.828
25.697   29.031
29.124   29.138
29.124   29.228
21.693   29.332
29.124   29.429
26.646   29.85
30.761   30.891
31.381   31.474
31.446   31.969
30.761   32.038
31.381   32.189
31.381   32.421
26.646   32.767
31.186   32.994
33.828   33.858
36.035   36.104
36.247   36.497
36.913   36.968
37.403   37.441
37.551   37.829
35.398   37.851
33.828   38.356
38.312   38.381
35.398   38.688
38.312   38.692
37.618   38.73
38.312   38.833
37.384   38.876
37.618   39.076
39.077   39.08
39.077   39.088
37.618   39.102
37.403   39.326
37.618   39.785
37.618   40.175
39.929   40.446
40.685   40.952
41.015   41.53
41.506   41.569
41.506   41.717
41.012   42.139
41.015   42.483
42.268   42.934
42.268   43.682
41.506   43.786
39.077   44.424
44.186   44.696
42.268   45.495
45.06   45.551
44.186   45.801
44.186   46.081
45.06   46.167
44.186   46.587
44.186   47.081
46.418   47.133
45.06   47.304
46.084   47.453
47.481   47.751
48.237   48.507
46.084   48.787
48.237   48.951
48.237   49.199
48.574   49.339
48.574   49.367
48.574   49.43
48.574   49.547
49.575   49.643
45.935   49.732
47.481   49.87
48.574   50.27
49.575   50.277
50.49   50.575
50.49   50.726
45.06   50.753
49.575   50.878
50.494   50.971
50.92   51.379
50.49   51.59
51.084   51.637
50.92   51.723
50.494   52.079
50.92   52.153
51.563   52.533
51.563   52.554
52.408   52.659
51.797   52.784
52.408   53.074
51.597   53.191
51.597   54.132
54.272   54.361
54.272   54.591
54.092   54.894
51.563   55.021
55.097   55.554
55.951   56.216
55.951   56.302
56.195   56.512
55.951   57.116
54.004   57.539
55.097   57.696
55.097   59.406
59.993   60.196
54.662   60.596
60.662   61.138
60.662   61.492
