0.098   0.306
0.098   0.645
0.635   0.681
0.373   0.85
0.749   1.197
1.083   1.211
0.373   1.347
1.083   1.519
1.083   1.729
0.373   1.731
1.686   1.787
1.759   1.794
1.759   2.848
3.633   3.673
3.633   3.877
3.633   4.06
4.017   4.068
4.058   4.546
4.211   4.614
4.058   4.807
4.058   4.873
1.083   4.874
4.017   5.205
4.058   5.235
4.265   5.429
5.689   5.93
4.265   6.188
4.269   6.217
6.122   6.271
4.265   6.405
5.689   6.452
6.519   6.749
4.211   6.783
4.269   6.808
6.519   7.091
6.233   7.141
7.035   7.185
4.211   7.36
6.122   7.692
5.689   7.738
6.634   7.775
7.035   7.797
7.266   7.955
6.233   7.97
7.035   7.997
7.266   8.567
7.035   8.69
7.903   8.717
8.846   8.87
7.903   8.905
7.394   9.014
6.634   9.481
9.194   9.606
8.846   9.96
9.366   10.074
9.654   10.103
9.194   10.285
9.906   10.354
9.906   10.528
7.903   10.544
10.417   10.584
10.399   10.763
9.654   10.882
9.5   10.967
10.744   11.018
9.952   11.088
7.266   11.366
8.02   11.44
9.952   11.467
9.747   11.8
10.155   11.951
8.846   11.981
9.952   12.014
10.622   12.138
10.856   12.306
10.155   12.421
10.856   12.567
10.155   12.767
12.277   12.787
10.417   13.061
10.918   13.15
12.339   13.387
12.339   13.503
12.339   13.514
12.339   13.842
12.821   14.306
14.135   14.381
14.826   15.133
10.856   15.269
14.135   15.435
15.359   15.464
15.302   15.574
10.622   15.7
15.51   15.76
15.302   15.995
15.359   16.08
15.311   16.618
15.311   16.71
16.79   16.79
16.79   16.854
16.971   17.623
10.622   17.825
15.302   17.892
16.971   17.941
16.79   18.086
15.311   18.13
17.33   18.241
17.716   18.325
18.21   18.524
16.971   18.629
15.302   18.691
16.971   18.958
17.716   19.466
19.529   19.616
16.79   19.638
19.529   19.665
17.716   19.727
19.529   19.755
18.948   19.815
19.725   20.083
18.27   20.354
19.987   20.909
20.113   21.006
19.725   21.583
20.473   22.036
19.987   22.104
21.697   22.142
21.697   22.188
21.373   22.284
19.529   22.31
17.629   22.481
21.527   23.023
21.705   23.71
22.321   23.743
21.718   24.038
21.919   24.052
20.432   24.339
21.898   24.532
21.919   24.693
23.223   24.743
21.898   24.939
24.785   24.946
24.785   25.084
22.162   25.13
17.629   25.308
20.473   25.618
25.151   25.912
22.162   26.01
21.898   26.095
21.898   26.137
25.151   26.141
21.718   26.758
20.473   27.01
26.679   27.054
22.162   27.149
27.466   27.538
27.556   27.775
27.556   27.787
27.556   27.809
27.466   27.811
27.777   27.815
27.777   28.04
27.466   28.294
27.777   28.46
26.46   28.613
21.718   28.632
28.207   28.809
29.627   29.888
29.627   29.907
29.627   30.222
27.466   30.312
27.777   30.314
28.077   30.55
28.29   31.196
29.158   31.884
31.288   32.213
32.291   32.507
32.744   33.092
32.926   33.389
32.291   33.627
32.926   34.287
34.3   34.374
28.29   34.995
34.3   35.303
35.036   35.437
35.383   35.687
35.383   35.966
35.383   36.06
35.036   36.442
35.456   37.09
37.075   37.703
37.632   37.73
37.075   38.003
37.831   38.183
37.831   38.285
37.831   39.256
39.967   40.052
40.007   40.36
39.967   40.634
40.007   40.879
40.007   41.021
40.506   41.154
40.007   41.312
39.967   41.444
