1.5020 	 1.5180
1.3350 	 1.6330
1.6230 	 1.6970
1.6230 	 1.7980
0.1440 	 2.0480
1.6800 	 2.0840
1.3350 	 2.6380
1.8720 	 2.7120
1.3350 	 3.1630
1.8720 	 3.4790
2.4390 	 3.4900
2.4390 	 3.5300
1.8720 	 3.5740
2.5750 	 3.9520
1.5020 	 4.0390
2.6270 	 4.1160
1.6800 	 4.1590
2.4390 	 4.1660
2.6270 	 4.4240
3.3500 	 4.7390
3.3100 	 4.7420
3.3500 	 4.9140
4.7160 	 5.0510
2.5750 	 5.1570
4.9550 	 5.2010
3.3500 	 5.3040
3.5830 	 6.0520
5.2190 	 6.3580
6.7850 	 6.8970
1.6840 	 7.3320
7.7110 	 7.8910
7.5620 	 8.0350
4.7160 	 8.2710
7.8350 	 8.2770
9.0520 	 9.1000
9.0520 	 9.6200
9.0520 	 9.8130
9.0520 	 9.8630
9.3930 	 10.6040
3.3100 	 10.7240
9.3930 	 11.1760
9.7610 	 11.4380
9.0520 	 11.4550
9.7610 	 11.6530
10.7330 	 11.8120
10.7330 	 12.0770
10.7330 	 12.3530
12.0340 	 12.8460
11.5150 	 13.6060
12.0340 	 13.6930
7.5620 	 14.2840
12.6440 	 14.3500
12.0340 	 14.6320
12.6440 	 14.6690
13.2310 	 14.7180
13.3370 	 15.3510
9.1080 	 15.3630
13.2310 	 15.3920
11.2960 	 16.0710
11.2960 	 16.1110
13.6360 	 16.2670
14.1830 	 16.3200
14.1830 	 16.5190
13.9020 	 16.7440
14.5890 	 16.7960
14.7540 	 17.0930
15.1860 	 17.1590
13.2310 	 17.3540
15.6400 	 17.4020
13.3370 	 17.6070
16.6210 	 17.6860
15.6400 	 18.0120
15.1860 	 18.1050
14.7540 	 18.4220
16.6210 	 18.5250
17.6180 	 18.7470
14.5890 	 18.8180
18.0960 	 18.9550
13.6360 	 19.2470
18.6720 	 19.3060
18.1510 	 19.6730
18.1510 	 19.8350
19.0940 	 19.8900
19.8130 	 20.0390
19.5710 	 20.0600
16.8770 	 20.1650
18.6720 	 20.2300
19.8130 	 20.3950
20.1170 	 20.5290
17.6180 	 20.8410
20.2040 	 21.1410
21.1050 	 21.1530
18.1510 	 21.2190
15.2380 	 21.2230
21.1050 	 21.5220
19.8130 	 22.2070
21.4020 	 22.3880
19.9600 	 22.4450
20.1170 	 22.5400
21.6760 	 22.6580
19.9600 	 22.6620
21.6930 	 22.7680
21.7090 	 22.8730
21.4020 	 22.9710
21.6930 	 23.0310
15.2380 	 23.0640
22.5520 	 23.1830
22.5520 	 23.4660
22.5520 	 23.5040
15.2380 	 24.0200
15.2380 	 24.0340
21.7090 	 24.1480
24.0040 	 24.1640
23.9830 	 24.8380
24.0500 	 25.0390
24.0500 	 25.2190
21.7090 	 25.2770
24.7590 	 25.6080
24.7590 	 26.0840
24.0040 	 26.2170
22.2890 	 26.2490
24.7590 	 26.2720
26.2560 	 26.2860
18.9990 	 26.4680
18.9990 	 27.0470
18.9990 	 27.1600
23.9830 	 27.3100
18.9990 	 27.4890
26.6460 	 28.1500
18.9990 	 28.6110
15.2380 	 28.7530
26.6460 	 28.8280
25.6970 	 29.0310
29.1240 	 29.1380
29.1240 	 29.2280
21.6930 	 29.3320
29.1240 	 29.4290
26.6460 	 29.8500
30.7610 	 30.8910
31.3810 	 31.4740
31.4460 	 31.9690
30.7610 	 32.0380
31.3810 	 32.1890
31.3810 	 32.4210
26.6460 	 32.7670
31.1860 	 32.9940
33.8280 	 33.8580
36.0350 	 36.1040
36.2470 	 36.4970
36.9130 	 36.9680
37.4030 	 37.4410
37.5510 	 37.8290
35.3980 	 37.8510
33.8280 	 38.3560
38.3120 	 38.3810
35.3980 	 38.6880
38.3120 	 38.6920
37.6180 	 38.7300
38.3120 	 38.8330
37.3840 	 38.8760
37.6180 	 39.0760
39.0770 	 39.0800
39.0770 	 39.0880
37.6180 	 39.1020
37.4030 	 39.3260
37.6180 	 39.7850
37.6180 	 40.1750
39.9290 	 40.4460
40.6850 	 40.9520
41.0150 	 41.5300
41.5060 	 41.5690
41.5060 	 41.7170
41.0120 	 42.1390
41.0150 	 42.4830
42.2680 	 42.9340
42.2680 	 43.6820
41.5060 	 43.7860
39.0770 	 44.4240
44.1860 	 44.6960
42.2680 	 45.4950
45.0600 	 45.5510
44.1860 	 45.8010
44.1860 	 46.0810
45.0600 	 46.1670
44.1860 	 46.5870
44.1860 	 47.0810
46.4180 	 47.1330
45.0600 	 47.3040
46.0840 	 47.4530
47.4810 	 47.7510
48.2370 	 48.5070
46.0840 	 48.7870
48.2370 	 48.9510
48.2370 	 49.1990
48.5740 	 49.3390
48.5740 	 49.3670
48.5740 	 49.4300
48.5740 	 49.5470
49.5750 	 49.6430
45.9350 	 49.7320
47.4810 	 49.8700
48.5740 	 50.2700
49.5750 	 50.2770
50.4900 	 50.5750
50.4900 	 50.7260
45.0600 	 50.7530
49.5750 	 50.8780
50.4940 	 50.9710
50.9200 	 51.3790
50.4900 	 51.5900
51.0840 	 51.6370
50.9200 	 51.7230
50.4940 	 52.0790
50.9200 	 52.1530
51.5630 	 52.5330
51.5630 	 52.5540
52.4080 	 52.6590
51.7970 	 52.7840
52.4080 	 53.0740
51.5970 	 53.1910
51.5970 	 54.1320
54.2720 	 54.3610
54.2720 	 54.5910
54.0920 	 54.8940
51.5630 	 55.0210
55.0970 	 55.5540
55.9510 	 56.2160
55.9510 	 56.3020
56.1950 	 56.5120
55.9510 	 57.1160
54.0040 	 57.5390
55.0970 	 57.6960
55.0970 	 59.4060
59.9930 	 60.1960
54.6620 	 60.5960
60.6620 	 61.1380
60.6620 	 61.4920
