0.144 
1.191 
0.167 
0.121 
0.057 
0.004 
0.188 
0.567 
0.136 
0.052 
0.683 
0.040 
0.233 
1.133 
0.239 
0.264 
1.566 
0.777 
0.149 
0.124 
1.217 
0.056 
0.285 
0.368 
0.972 
0.563 
0.219 
0.519 
0.610 
0.587 
0.106 
0.299 
0.266 
0.281 
0.406 
0.165 
0.432 
0.052 
0.402 
0.981 
0.256 
0.741 
0.478 
0.055 
0.521 
0.327 
0.095 
0.477 
0.242 
0.147 
0.157 
0.087 
0.901 
0.297 
0.274 
0.017 
0.016 
0.580 
0.263 
1.431 
0.021 
0.046 
0.709 
0.938 
0.559 
0.390 
2.478 
1.637 
0.425 
0.195 
0.065 
2.382 
1.570 
0.637 
0.212 
0.666 
0.471 
0.019 
0.148 
0.067 
0.694 
0.765 
0.852 
0.756 
0.327 
0.003 
0.491 
0.762 
1.918 
0.874 
0.875 
0.149 
0.334 
1.063 
0.756 
0.337 
1.001 
0.915 
0.004 
0.426 
0.164 
0.479 
0.034 
0.200 
0.611 
1.596 
0.088 
0.180 
0.390 
0.435 
0.854 
0.244 
3.798 
0.669 
