0.098 
0.275 
0.262 
0.114 
0.334 
0.603 
0.073 
1.874 
0.384 
0.041 
0.153 
0.054 
0.004 
1.420 
0.433 
0.111 
0.286 
0.115 
0.401 
0.231 
0.128 
0.509 
0.117 
0.826 
0.348 
0.172 
0.134 
0.154 
0.093 
0.159 
0.046 
0.203 
0.244 
0.018 
0.205 
0.122 
0.112 
0.062 
1.359 
0.062 
0.482 
1.314 
0.691 
0.476 
0.009 
0.048 
0.151 
1.280 
0.181 
0.359 
0.299 
0.087 
0.494 
0.060 
0.678 
0.581 
0.196 
0.262 
0.126 
0.319 
0.041 
0.900 
0.154 
0.170 
0.008 
0.013 
0.180 
0.021 
0.243 
0.159 
0.902 
1.562 
0.366 
1.309 
0.219 
0.787 
0.090 
0.221 
0.300 
0.130 
0.083 
0.868 
0.469 
1.661 
1.003 
0.453 
0.182 
1.374 
0.736 
0.347 
0.073 
1.619 
0.557 
0.199 
2.136 
0.040 
0.499 
